0 0.18489999999999998 0 0.18489999999999998 0.0009296296296296296 0.18594010416666668 0.0009296296296296296 0.18645989583333333 0.00185 0.18905989583333332 0.00185 0.18958020833333336 0.0027796296296296293 0.19166979166666664 0.0027796296296296293 0.19219010416666665 0.0037 0.19479010416666667 0.0037 0.19530989583333333 0.004629629629629629 0.19791979166666665 0.004629629629629629 0.19844010416666666 0.005560185185185185 0.2026 0.005560185185185185 0.20311979166666666 0.0064796296296296295 0.20729010416666668 0.0064796296296296295 0.20780989583333334 0.0074101851851851855 0.21145989583333333 0.0074101851851851855 0.21198020833333334 0.00832962962962963 0.21563020833333332 0.00832962962962963 0.21614999999999998 0.009260185185185186 0.22186979166666668 0.009260185185185186 0.2224 0.010189814814814815 0.22551979166666666 0.010189814814814815 0.22604010416666667 0.011110185185185186 0.22916979166666665 0.011110185185185186 0.22969010416666666 0.012039814814814816 0.23280989583333334 0.012039814814814816 0.23333020833333334 0.012960185185185186 0.23801979166666667 0.012960185185185186 0.23854010416666668 0.013889814814814815 0.24166979166666666 0.013889814814814815 0.24219010416666667 0.014810185185185185 0.24583020833333336 0.014810185185185185 0.24635 0.015739814814814814 0.25051979166666666 0.015739814814814814 0.25104010416666667 0.01667037037037037 0.2552098958333333 0.01667037037037037 0.2557302083333333 0.017589814814814815 0.2609401041666667 0.017589814814814815 0.26145989583333334 0.01852037037037037 0.2651 0.01852037037037037 0.26561979166666666 0.019439814814814816 0.2692697916666667 0.019439814814814816 0.26979010416666666 0.020370370370370372 0.27395989583333336 0.020370370370370372 0.2744802083333333 0.021300000000000003 0.27813020833333335 0.021300000000000003 0.27865 0.022220370370370373 0.28333020833333333 0.022220370370370373 0.28385 0.02315 0.2880197916666667 0.02315 0.28854010416666664 0.02407037037037037 0.29426979166666667 0.02407037037037037 0.29530989583333334 0.022220370370370373 0.29583020833333334 0.022220370370370373 0.2989598958333334 0.01667037037037037 0.29948020833333333 0.01667037037037037 0.30104010416666666 0.013889814814814815 0.3015598958333333 0.013889814814814815 0.3067697916666667 0.004629629629629629 0.3067697916666667 0.0037 0.30729010416666663 0.0027796296296296293 0.30729010416666663 0 0.18489999999999998 0
3 0.0295140625 0 0.0017359375 0.004629629629629629 0.0034723958333333334 0.8703703703703703 0.036458333333333336 0.8348768518518519 0.038194270833333335 0.7515435185185185 0.050347395833333336 0.7283953703703704 0.058159895833333336 0.6774694444444445 0.06684010416666666 0.5833333333333334 0.08940989583333334 0.591049074074074 0.09635416666666667 0.5632712962962962 0.07899322916666666 0.47685185185185186 0.08246510416666666 0.28549351851851856 0.11805572916666666 0.2777777777777778 0.19444427083333335 0.30092592592592593 0.1892359375 0.37962962962962965 0.21354166666666666 0.39043240740740737 0.2309026041666667 0.3441361111111111 0.23524322916666665 0.3163583333333333 0.296875 0.30092592592592593 0.3272567708333333 0.30401203703703705 0.33246510416666664 0.28549351851851856 0.4279515625 0.23148148148148148 0.5902776041666667 0.24074074074074073 0.5920140625 0.18981481481481483 0.6128473958333333 0.19753055555555554 0.5998265625 0.9938268518518519 0.6701390625 0.9990740740740741 0.8576390625 0.9990740740740741 0.8802083333333334 0.13117314814814815 0.9973958333333334 0.15123425925925926 0.9994791666666667 0.006173148148148148 0.6840276041666667 0.004629629629629629 0.2951390625 0.02623425925925926 0.1831598958333333 0 0.0295140625 0
3 0.1814234375 0.5493824074074074 0.10329843749999999 0.554012037037037 0.09288177083333334 0.7145064814814815 0.1892359375 0.7052472222222222 0.20052083333333334 0.6913583333333334 0.20572916666666666 0.41049351851851856 0.19010416666666666 0.39969166666666667 0.19010416666666666 0.5015435185185185 0.1814234375 0.5493824074074074
3 0.4678817708333333 0.3132712962962963 0.4600692708333333 0.5447527777777778 0.5894098958333333 0.5401231481481481 0.5868057291666666 0.28703703703703703 0.46875 0.3086416666666667 0.4678817708333333 0.3132712962962963
3 0.3767359375 0.3302472222222222 0.3767359375 0.4922842592592593 0.4435765625 0.4922842592592593 0.4479166666666667 0.3132712962962963 0.3776041666666667 0.3194444444444444 0.3767359375 0.3302472222222222
3 0.32378489583333336 0.48148148148148145 0.359375 0.4691361111111111 0.3663192708333333 0.3410490740740741 0.3220484375 0.34876574074074074 0.32378489583333336 0.48148148148148145
1 0.005208333333333333 0.8780861111111111 0.0069442708333333335 0.9969138888888888 0.26909739583333336 0.9969138888888888 0.4696182291666667 0.9990740740740741 0.453125 0.9444444444444444 0.2951390625 0.9722222222222222 0.2986109375 0.9444444444444444 0.4314234375 0.9182101851851853 0.37152760416666664 0.820987962962963 0.2508682291666667 0.8487657407407407 0.23697916666666666 0.8364194444444444 0.34027760416666664 0.8086416666666666 0.2743057291666667 0.8101851851851852 0.20052083333333334 0.8148148148148148 0.1875 0.7438268518518518 0.1875 0.7145064814814815 0.057291666666666664 0.7530861111111111 0.039930729166666665 0.8456787037037037 0.005208333333333333 0.8780861111111111
3 0.4661458333333333 0.8533953703703704 0.5859375 0.8225305555555555 0.5842015625 0.5833333333333334 0.4670140625 0.5972222222222222 0.4661458333333333 0.8533953703703704
3 0.3923609375 0.8487657407407407 0.4444442708333333 0.8719138888888889 0.4505208333333333 0.7638888888888888 0.3776041666666667 0.7283953703703704 0.3923609375 0.8487657407407407
3 0.2977432291666667 0.5756175925925926 0.2942708333333333 0.5138888888888888 0.2309026041666667 0.49691388888888893 0.2248265625 0.5015435185185185 0.24131927083333335 0.5833333333333334 0.2977432291666667 0.5756175925925926
3 0.4609375 0.9259259259259259 0.578125 0.9938268518518519 0.5833333333333334 0.875 0.48003489583333336 0.8966046296296296 0.4609375 0.9259259259259259